*Vertices 27
  1 "Albania"                                0.6057    0.7866    0.5000
  2 "Austria"                                0.5138    0.5552    0.5000
  3 "Belgium"                                0.2757    0.3388    0.5000
  4 "Bulgaria"                               0.8073    0.7343    0.5000
  5 "Czechoslovakia"                         0.6206    0.4731    0.5000
  6 "Denmark"                                0.4457    0.2418    0.5000
  7 "Finland"                                0.6403    0.1821    0.5000
  8 "France"                                 0.2026    0.6328    0.5000
  9 "East_Germany"                           0.5494    0.3463    0.5000
 10 "West_Germany"                           0.4417    0.4179    0.5000
 11 "Greece"                                 0.7520    0.8910    0.5000
 12 "Hungary"                                0.7372    0.5582    0.5000
 13 "Iceland"                                0.0968    0.1179    0.5000
 14 "Ireland"                                0.0988    0.3731    0.5000
 15 "Italy"                                  0.4170    0.8910    0.5000
 16 "Luxembourg"                             0.3073    0.4522    0.5000
 17 "Netherlands"                            0.3379    0.2597    0.5000
 18 "Norway"                                 0.6215    0.0433    0.5000
 19 "Poland"                                 0.6690    0.3254    0.5000
 20 "Portugal"                               0.1008    0.8836    0.5000
 21 "Romania"                                0.8320    0.6134    0.5000
 22 "Spain"                                  0.1107    0.7045    0.5000
 23 "Sweden"                                 0.5553    0.2328    0.5000
 24 "Switzerland"                            0.3933    0.5746    0.5000
 25 "USSR"                                   0.8370    0.2716    0.5000
 26 "United_Kingdom"                         0.1798    0.2672    0.5000
 27 "Yugoslavia"                             0.6275    0.6642    0.5000
*Arcs
  1  27 7.282490000 
  1  11 7.888489000 
  1  15 9.295362000 
  2  27 7.582156000 
  2  12 4.034268000 
  2   5 3.724162000 
  2  10 4.346683000 
  2  24 4.662671000 
  2  15 4.270415000 
  3   8 4.117121000 
  3  16 6.365185000 
  3  10 2.615715000 
  3  17 5.076456000 
  3  26 3.968919000 
  4  27 4.737545000 
  4  11 3.344900000 
  4  21 3.541663000 
  5  12 2.445557000 
  5  25 4.766929000 
  5  19 3.087386000 
  5   9 3.236916000 
  5  10 4.317403000 
  6  18 4.416403000 
  6  23 3.860360000 
  6   9 5.269471000 
  6  10 4.796296000 
  7  25 5.896104000 
  7  23 3.564876000 
  7  18 2.976608000 
  8  26 3.586918000 
  8  22 5.603516000 
  8  15 3.936175000 
  8  24 4.299247000 
  8  10 4.225427000 
  8  16 5.483779000 
  9  10 3.748499000 
  9  19 4.241368000 
  9  23 5.865476000 
 10  17 5.071077000 
 10  16 5.841061000 
 10  24 4.054013000 
 11  15 5.281700000 
 11  27 4.698424000 
 12  27 5.498726000 
 12  21 4.498295000 
 12  25 5.341424000 
 13  18 3.989346000 
 13  26 6.805463000 
 13  14 5.756526000 
 14  26 5.435203000 
 14  22 4.102097000 
 15  27 5.309903000 
 15  24 4.906745000 
 17  26 5.237954000 
 18  26 5.830200000 
 18  23 3.813303000 
 18  25 6.597438000 
 19  25 3.700731000 
 19  23 7.904834000 
 20  22 5.421442000 
 21  25 4.437673000 
 21  27 4.063027000 
 23  25 7.815923000 
 27   1 7.282490000 
 11   1 7.888489000 
 15   1 9.295362000 
 27   2 7.582156000 
 12   2 4.034268000 
  5   2 3.724162000 
 10   2 4.346683000 
 24   2 4.662671000 
 15   2 4.270415000 
  8   3 4.117121000 
 16   3 6.365185000 
 10   3 2.615715000 
 17   3 5.076456000 
 26   3 3.968919000 
 27   4 4.737545000 
 11   4 3.344900000 
 21   4 3.541663000 
 12   5 2.445557000 
 25   5 4.766929000 
 19   5 3.087386000 
  9   5 3.236916000 
 10   5 4.317403000 
 18   6 4.416403000 
 23   6 3.860360000 
  9   6 5.269471000 
 10   6 4.796296000 
 25   7 5.896104000 
 23   7 3.564876000 
 18   7 2.976608000 
 26   8 3.586918000 
 22   8 5.603516000 
 15   8 3.936175000 
 24   8 4.299247000 
 10   8 4.225427000 
 16   8 5.483779000 
 10   9 3.748499000 
 19   9 4.241368000 
 23   9 5.865476000 
 17  10 5.071077000 
 16  10 5.841061000 
 24  10 4.054013000 
 15  11 5.281700000 
 27  11 4.698424000 
 27  12 5.498726000 
 21  12 4.498295000 
 25  12 5.341424000 
 18  13 3.989346000 
 26  13 6.805463000 
 14  13 5.756526000 
 26  14 5.435203000 
 22  14 4.102097000 
 27  15 5.309903000 
 24  15 4.906745000 
 26  17 5.237954000 
 26  18 5.830200000 
 23  18 3.813303000 
 25  18 6.597438000 
 25  19 3.700731000 
 23  19 7.904834000 
 22  20 5.421442000 
 25  21 4.437673000 
 27  21 4.063027000 
 25  23 7.815923000 
