*Vertices 48
  1 "AL"                                     0.5000    0.6364    0.5000
  2 "AR"                                     0.3750    0.5455    0.5000
  3 "AZ"                                     0.1875    0.5455    0.5000
  4 "CA"                                     0.0625    0.4545    0.5000
  5 "CO"                                     0.2500    0.4545    0.5000
  6 "CT"                                     0.7500    0.3636    0.5000
  7 "DE"                                     0.6875    0.4545    0.5000
  8 "FL"                                     0.5625    0.7273    0.5000
  9 "GA"                                     0.5625    0.6364    0.5000
 10 "IA"                                     0.3750    0.3636    0.5000
 11 "ID"                                     0.1875    0.3636    0.5000
 12 "IL"                                     0.4375    0.3636    0.5000
 13 "IN"                                     0.5000    0.3636    0.5000
 14 "KS"                                     0.3125    0.4545    0.5000
 15 "KY"                                     0.5000    0.4545    0.5000
 16 "LA"                                     0.3750    0.6364    0.5000
 17 "MA"                                     0.7500    0.2727    0.5000
 18 "MD"                                     0.6250    0.4545    0.5000
 19 "ME"                                     0.8125    0.1818    0.5000
 20 "MI"                                     0.5000    0.2727    0.5000
 21 "MN"                                     0.3750    0.2727    0.5000
 22 "MO"                                     0.3750    0.4545    0.5000
 23 "MS"                                     0.4375    0.6364    0.5000
 24 "MT"                                     0.2500    0.2727    0.5000
 25 "NC"                                     0.6250    0.6364    0.5000
 26 "ND"                                     0.3125    0.1818    0.5000
 27 "NE"                                     0.3125    0.3636    0.5000
 28 "NH"                                     0.7500    0.1818    0.5000
 29 "NJ"                                     0.6875    0.3636    0.5000
 30 "NM"                                     0.2500    0.5455    0.5000
 31 "NV"                                     0.1250    0.4545    0.5000
 32 "NY"                                     0.6875    0.2727    0.5000
 33 "OH"                                     0.5625    0.3636    0.5000
 34 "OK"                                     0.3125    0.5455    0.5000
 35 "OR"                                     0.1250    0.3636    0.5000
 36 "PA"                                     0.6250    0.3636    0.5000
 37 "SD"                                     0.3125    0.2727    0.5000
 38 "TN"                                     0.5000    0.5455    0.5000
 39 "UT"                                     0.1875    0.4545    0.5000
 40 "VA"                                     0.5625    0.5455    0.5000
 41 "TX"                                     0.3125    0.6364    0.5000
 42 "WY"                                     0.2500    0.3636    0.5000
 43 "RI"                                     0.8125    0.3636    0.5000
 44 "SC"                                     0.6250    0.7273    0.5000
 45 "WI"                                     0.4375    0.2727    0.5000
 46 "WA"                                     0.1250    0.2727    0.5000
 47 "WV"                                     0.5625    0.4545    0.5000
 48 "VT"                                     0.6875    0.1818    0.5000
*Arcs
  1   8 2.369631000 
  1   9 1.904262000 
  1  23 1.465104000 
  1  38 2.410678000 
  2  16 2.354640000 
  2  22 2.141805000 
  2  23 2.078338000 
  2  34 1.537747000 
  2  38 2.007012000 
  2  41 3.615764000 
  3   4 2.035638000 
  3  30 1.979261000 
  3  31 1.700334000 
  3  39 4.192279000 
  4  31 2.450636000 
  4  35 2.576193000 
  5  14 2.589907000 
  5  27 2.066737000 
  5  30 4.622171000 
  5  34 4.567945000 
  5  39 3.166767000 
  5  42 1.720539000 
  6  17 1.634299000 
  6  32 2.150466000 
  6  43 1.937843000 
  7  18 2.886872000 
  7  29 3.057656000 
  7  36 1.864875000 
  8   9 1.297690000 
  9  25 1.184583000 
  9  44 2.054455000 
  9  38 3.198124000 
 10  12 2.606418000 
 10  21 1.563795000 
 10  22 3.696198000 
 10  27 0.973463600 
 10  37 1.417620000 
 10  45 1.239694000 
 11  24 2.148494000 
 11  31 3.889235000 
 11  35 1.394240000 
 11  39 2.964090000 
 11  46 2.032746000 
 11  42 1.828361000 
 12  13 2.968923000 
 12  15 4.795917000 
 12  22 2.479910000 
 12  45 2.120017000 
 13  15 2.276161000 
 13  20 2.089015000 
 13  33 2.665995000 
 14  22 2.147240000 
 14  27 1.824982000 
 14  34 2.405430000 
 15  22 2.986991000 
 15  33 2.741856000 
 15  38 3.305030000 
 15  40 3.897647000 
 15  47 2.537975000 
 16  23 2.847985000 
 16  41 4.180165000 
 17  28 2.327579000 
 17  32 2.380499000 
 17  43 2.105778000 
 17  48 3.407538000 
 18  36 3.509566000 
 18  40 3.789882000 
 18  47 6.325014000 
 19  28 2.505259000 
 20  33 2.287789000 
 20  45 2.808288000 
 21  26 1.700787000 
 21  37 1.922221000 
 21  45 1.896337000 
 22  27 3.495366000 
 22  34 1.153447000 
 22  38 2.396547000 
 23  38 3.476973000 
 24  26 2.086944000 
 24  37 1.041845000 
 24  42 1.699646000 
 25  44 2.155892000 
 25  38 2.923135000 
 25  40 2.666144000 
 26  37 2.507168000 
 27  37 1.251438000 
 27  42 1.585924000 
 28  48 2.647032000 
 29  32 1.730224000 
 29  36 2.722894000 
 30  34 1.395435000 
 30  41 2.714578000 
 31  35 3.227130000 
 31  39 5.102015000 
 32  36 1.995081000 
 32  48 3.185751000 
 33  36 1.878085000 
 33  47 3.712044000 
 34  41 2.598893000 
 35  46 1.389011000 
 36  47 4.575543000 
 37  42 1.217538000 
 38  40 4.900640000 
 39  42 3.747051000 
 40  47 5.632167000 
  8   1 2.369631000 
  9   1 1.904262000 
 23   1 1.465104000 
 38   1 2.410678000 
 16   2 2.354640000 
 22   2 2.141805000 
 23   2 2.078338000 
 34   2 1.537747000 
 38   2 2.007012000 
 41   2 3.615764000 
  4   3 2.035638000 
 30   3 1.979261000 
 31   3 1.700334000 
 39   3 4.192279000 
 31   4 2.450636000 
 35   4 2.576193000 
 14   5 2.589907000 
 27   5 2.066737000 
 30   5 4.622171000 
 34   5 4.567945000 
 39   5 3.166767000 
 42   5 1.720539000 
 17   6 1.634299000 
 32   6 2.150466000 
 43   6 1.937843000 
 18   7 2.886872000 
 29   7 3.057656000 
 36   7 1.864875000 
  9   8 1.297690000 
 25   9 1.184583000 
 44   9 2.054455000 
 38   9 3.198124000 
 12  10 2.606418000 
 21  10 1.563795000 
 22  10 3.696198000 
 27  10 0.973463600 
 37  10 1.417620000 
 45  10 1.239694000 
 24  11 2.148494000 
 31  11 3.889235000 
 35  11 1.394240000 
 39  11 2.964090000 
 46  11 2.032746000 
 42  11 1.828361000 
 13  12 2.968923000 
 15  12 4.795917000 
 22  12 2.479910000 
 45  12 2.120017000 
 15  13 2.276161000 
 20  13 2.089015000 
 33  13 2.665995000 
 22  14 2.147240000 
 27  14 1.824982000 
 34  14 2.405430000 
 22  15 2.986991000 
 33  15 2.741856000 
 38  15 3.305030000 
 40  15 3.897647000 
 47  15 2.537975000 
 23  16 2.847985000 
 41  16 4.180165000 
 28  17 2.327579000 
 32  17 2.380499000 
 43  17 2.105778000 
 48  17 3.407538000 
 36  18 3.509566000 
 40  18 3.789882000 
 47  18 6.325014000 
 28  19 2.505259000 
 33  20 2.287789000 
 45  20 2.808288000 
 26  21 1.700787000 
 37  21 1.922221000 
 45  21 1.896337000 
 27  22 3.495366000 
 34  22 1.153447000 
 38  22 2.396547000 
 38  23 3.476973000 
 26  24 2.086944000 
 37  24 1.041845000 
 42  24 1.699646000 
 44  25 2.155892000 
 38  25 2.923135000 
 40  25 2.666144000 
 37  26 2.507168000 
 37  27 1.251438000 
 42  27 1.585924000 
 48  28 2.647032000 
 32  29 1.730224000 
 36  29 2.722894000 
 34  30 1.395435000 
 41  30 2.714578000 
 35  31 3.227130000 
 39  31 5.102015000 
 36  32 1.995081000 
 48  32 3.185751000 
 36  33 1.878085000 
 47  33 3.712044000 
 41  34 2.598893000 
 46  35 1.389011000 
 47  36 4.575543000 
 42  37 1.217538000 
 40  38 4.900640000 
 42  39 3.747051000 
 47  40 5.632167000 
